Periodo,Fecha,Cuota,Interés,Amortización,AbonoExtra,Saldo
1,,33592.101782266946,499.63589095569637,33092.46589131125,0.0,966907.5341086887
2,,33592.101782266946,483.1017072761701,33109.00007499078,0.0,933798.5340336979
3,,33592.101782266946,466.5592625250498,33125.542519741895,0.0,900672.991513956
4,,33592.101782266946,450.00855257480777,33142.09322969214,0.0,867530.8982842639
5,,33592.101782266946,433.44957329585384,33158.65220897109,0.0,834372.2460752928
6,,33592.101782266946,416.88232055653447,33175.21946171041,0.0,801197.0266135824
7,,33592.101782266946,400.306790223132,33191.79499204381,0.0,768005.2316215385
8,,33592.101782266946,383.7229781598634,33208.37880410708,0.0,734796.8528174314
9,,33592.101782266946,367.13088022887905,33224.97090203807,0.0,701571.8819153934
10,,33592.101782266946,350.5304922902622,33241.57128997668,0.0,668330.3106254167
11,,33592.101782266946,333.92181020202736,33258.17997206492,0.0,635072.1306533518
12,,33592.101782266946,317.30482982011983,33274.79695244683,0.0,601797.333700905
13,,33592.101782266946,300.6795469984142,33291.42223526853,0.0,568505.9114656365
14,,33592.101782266946,284.0459575887135,33308.05582467823,0.0,535197.8556409582
15,,33592.101782266946,267.4040574407483,33324.6977248262,0.0,501873.157916132
16,,33592.101782266946,250.75384240217554,33341.34793986477,0.0,468531.8099762672
17,,33592.101782266946,234.0953083185773,33358.00647394837,0.0,435173.80350231886
18,,33592.101782266946,217.42845103346022,33374.67333123348,0.0,401799.13017108536
19,,33592.101782266946,200.75326638825405,33391.34851587869,0.0,368407.7816552067
20,,33592.101782266946,184.06975022231086,33408.03203204463,0.0,334999.7496231621
21,,33592.101782266946,167.37789837290381,33424.72388389404,0.0,301575.02573926805
22,,33592.101782266946,150.67770667522626,33441.42407559172,0.0,268133.6016636763
23,,33592.101782266946,133.9691709623907,33458.13261130456,0.0,234675.46905237177
24,,33592.101782266946,117.25228706542772,33474.84949520152,0.0,201200.61955717026
25,,33592.101782266946,100.52705081328487,33491.574731453664,0.0,167709.04482571658
26,,33592.101782266946,83.79345803282573,33508.308324234116,0.0,134200.73650148246
27,,33592.101782266946,67.05150454882883,33525.05027771812,0.0,100675.68622376435
28,,33592.101782266946,50.30118618398663,33541.80059608296,0.0,67133.88562768139
29,,33592.101782266946,33.54249875890441,33558.55928350804,0.0,33575.32634417335
30,,33592.10178226545,16.775438092099318,33575.32634417335,0.0,0.0
