Periodo,Fecha,Cuota,Interés,Amortización,AbonoExtra,Saldo
1,01/02/2025,363063.12822951784,128191.65169777858,234871.47653173926,0.0,6765128.523468261
2,01/03/2025,363063.12822951784,123890.4284815929,239172.69974792493,0.0,6525955.823720336
3,01/04/2025,363063.12822951784,119510.43656420671,243552.6916653111,0.0,6282403.132055025
4,01/05/2025,363063.12822951784,115050.23344706156,248012.89478245628,0.0,6034390.237272568
5,01/06/2025,363063.12822951784,110508.35021498863,252554.7780145292,0.0,5781835.459258039
6,01/07/2025,363063.12822951784,105883.29105243887,257179.83717707897,0.0,5524655.622080959
7,01/08/2025,363063.12822951784,101173.53275085379,261889.59547866404,0.0,5262766.026602295
8,01/09/2025,363063.12822951784,96377.5242070148,266685.604022503,0.0,4996080.422579792
9,01/10/2025,363063.12822951784,91493.68591220559,271569.44231731223,0.0,4724510.98026248
10,01/11/2025,363063.12822951784,86520.40943201975,276542.7187974981,0.0,4447968.261464981
11,01/12/2025,363063.12822951784,81456.0568766418,281607.071352876,0.0,4166361.1901121056
12,01/01/2026,363063.12822951784,76298.96036142761,286764.1678680902,0.0,3879597.0222440152
13,01/02/2026,363063.12822951784,71047.42145760625,292015.7067719116,0.0,3587581.3154721037
14,01/03/2026,363063.12822951784,65699.7106329226,297363.41759659525,0.0,3290217.8978755083
15,01/04/2026,363063.12822951784,60254.06668203633,302809.0615474815,0.0,2987408.836328027
16,01/05/2026,363063.12822951784,54708.696146489776,308354.4320830281,0.0,2679054.404244999
17,01/06/2026,363063.12822951784,49061.77272405351,314001.3555054643,0.0,2365053.048739535
18,01/07/2026,363063.12822951784,43311.436667255395,319751.6915622624,0.0,2045301.3571772724
19,01/08/2026,363063.12822951784,37455.794170894675,325607.3340586232,0.0,1719694.0231186491
20,01/09/2026,363063.12822951784,31492.916748339634,331570.2114811782,0.0,1388123.811637471
21,01/10/2026,363063.12822951784,25420.84059640335,337642.2876331145,0.0,1050481.5240043565
22,01/11/2026,363063.12822951784,19237.565948588297,343825.56228092953,0.0,706655.9617234269
23,01/12/2026,363063.12822951784,12941.0564164869,350122.0718130309,0.0,356533.889910396
24,01/01/2027,363063.1282295171,6529.238319121088,356533.889910396,0.0,0.0
