Periodo,Fecha,Cuota,Interés,Amortización,AbonoExtra,Saldo
1,01/02/2025,264355.48626624944,100000.00000000009,164355.48626624935,0.0,4835644.51373375
2,01/03/2025,264355.48626624944,96712.8902746751,167642.59599157434,0.0,4668001.917742176
3,01/04/2025,264355.48626624944,93360.03835484361,170995.44791140582,0.0,4497006.46983077
4,01/05/2025,264355.48626624944,89940.12939661548,174415.35686963395,0.0,4322591.112961136
5,01/06/2025,264355.48626624944,86451.8222592228,177903.66400702664,0.0,4144687.448954109
6,01/07/2025,264355.48626624944,82893.74897908226,181461.73728716717,1800000.0,2163225.711666942
7,01/08/2025,264355.48626624944,43264.51423333888,221090.97203291056,0.0,1942134.7396340314
8,01/09/2025,264355.48626624944,38842.69479268066,225512.79147356877,0.0,1716621.9481604625
9,01/10/2025,264355.48626624944,34332.43896320928,230023.04730304016,0.0,1486598.9008574225
10,01/11/2025,264355.48626624944,29731.978017148478,234623.50824910097,0.0,1251975.3926083215
11,01/12/2025,264355.48626624944,25039.50785216645,239315.978414083,0.0,1012659.4141942385
12,01/01/2026,264355.48626624944,20253.18828388479,244102.29798236466,0.0,768557.1162118738
13,01/02/2026,264355.48626624944,15371.14232423749,248984.34394201194,0.0,519572.7722698619
14,01/03/2026,264355.48626624944,10391.455445397247,253964.0308208522,0.0,265608.7414490097
15,01/04/2026,264355.48626624944,5312.174828980198,259043.31143726924,0.0,6565.430011740449
16,01/05/2026,6696.738611975258,131.3086002348091,6565.430011740449,0.0,0.0
