Periodo,Fecha,Cuota,Interés,Amortización,AbonoExtra,Saldo
1,01/02/2025,363063.12822951784,128191.65169777858,234871.47653173926,0.0,6765128.523468261
2,01/03/2025,363063.12822951784,123890.4284815929,239172.69974792493,0.0,6525955.823720336
3,01/04/2025,363063.12822951784,119510.43656420671,243552.6916653111,0.0,6282403.132055025
4,01/05/2025,363063.12822951784,115050.23344706156,248012.89478245628,0.0,6034390.237272568
5,01/06/2025,363063.12822951784,110508.35021498863,252554.7780145292,0.0,5781835.459258039
6,01/07/2025,363063.12822951784,105883.29105243887,257179.83717707897,1000000.0,4524655.622080959
7,01/08/2025,297346.24865092,82860.43965117114,214485.80899974884,0.0,4310169.8130812105
8,01/09/2025,297346.24865092,78932.54106239798,218413.707588522,0.0,4091756.1054926887
9,01/10/2025,297346.24865092,74932.71050108253,222413.53814983746,0.0,3869342.5673428513
10,01/11/2025,297346.24865092,70859.63067031473,226486.61798060528,0.0,3642855.949362246
11,01/12/2025,297346.24865092,66711.96014940365,230634.28850151633,0.0,3412221.6608607294
12,01/01/2026,297346.24865092,62488.33295209631,234857.9156988237,0.0,3177363.745161906
13,01/02/2026,297346.24865092,58187.35807670633,239158.89057421367,0.0,2938204.8545876923
14,01/03/2026,297346.24865092,53807.619048003944,243538.62960291604,0.0,2694666.224984776
15,01/04/2026,297346.24865092,49347.67345071661,247998.5752002034,0.0,2446667.649784573
16,01/05/2026,297346.24865092,44806.052454486635,252540.19619643336,0.0,2194127.4535881397
17,01/06/2026,297346.24865092,40181.26033012923,257164.98832079076,0.0,1936962.465267349
18,01/07/2026,297346.24865092,35471.77395703179,261874.47469388822,0.0,1675087.9905734607
19,01/08/2026,297346.24865092,30676.042321532124,266670.20632938785,0.0,1408417.7842440729
20,01/09/2026,297346.24865092,25792.486006110463,271553.76264480955,0.0,1136864.0215992634
21,01/10/2026,297346.24865092,20819.49666922694,276526.751981693,0.0,860337.2696175703
22,01/11/2026,297346.24865092,15755.436515633342,281590.81213528663,0.0,578746.4574822837
23,01/12/2026,297346.24865092,10598.63775698459,286747.61089393543,0.0,291998.8465883483
24,01/01/2027,297346.24865092,5347.402062572374,291998.84658834763,0.0,0.0
