Periodo,Fecha,Cuota,Interés,Amortización,AbonoExtra,Saldo
1,01/03/2025,284390.3663027594,61224.48979591844,223165.87650684096,0.0,2776834.123493159
2,01/04/2025,284390.3663027594,56670.08415292168,227720.2821498377,0.0,2549113.8413433214
3,01/05/2025,284390.3663027594,52022.731455986206,232367.63484677317,0.0,2316746.2064965484
4,01/06/2025,284390.3663027594,47280.53482646022,237109.83147629915,0.0,2079636.3750202493
5,01/07/2025,284390.3663027594,42441.55867388268,241948.8076288767,0.0,1837687.5673913725
6,01/08/2025,284390.3663027594,37503.82790594642,246886.53839681298,0.0,1590801.0289945595
7,01/09/2025,284390.3663027594,32465.327122337985,251925.0391804214,0.0,1338875.989814138
8,01/10/2025,284390.3663027594,27323.999792125298,257066.36651063408,0.0,1081809.623303504
9,01/11/2025,284390.3663027594,22077.747414357247,262312.6188884021,0.0,819497.0044151018
10,01/12/2025,284390.3663027594,16724.428661532707,267665.9376412267,0.0,551831.0667738752
11,01/01/2026,284390.3663027594,11261.858505589302,273128.5077971701,0.0,278702.55897670507
12,01/02/2026,284390.3663027594,5687.807326055212,278702.5589767042,0.0,0.0
