Periodo,Fecha,Cuota,Interés,Amortización,AbonoExtra,Saldo
1,15/11/2025,359287.1016555268,121800.00000000057,237487.1016555262,0.0,6762512.898344474
2,15/12/2025,359287.1016555268,117667.7244311944,241619.3772243324,0.0,6520893.521120141
3,15/01/2026,359287.1016555268,113463.547267491,245823.5543880358,0.0,6275069.966732105
4,15/02/2026,359287.1016555268,109186.21742113914,250100.88423438766,0.0,6024969.082497718
5,15/03/2026,359287.1016555268,104834.46203546079,254452.63962006598,0.0,5770516.442877652
6,15/04/2026,359287.1016555268,100406.98610607162,258880.11554945516,0.0,5511636.327328197
7,15/05/2026,359287.1016555268,95902.47209551108,263384.6295600157,0.0,5248251.697768181
8,15/06/2026,359287.1016555268,91319.57954116678,267967.52211436,0.0,4980284.175653821
9,15/07/2026,359287.1016555268,86656.94465637689,272630.1569991499,0.0,4707654.018654671
10,15/08/2026,359287.1016555268,81913.17992459165,277373.9217309351,0.0,4430280.096923735
11,15/09/2026,359287.1016555268,77086.87368647335,282200.22796905343,0.0,4148079.868954682
12,15/10/2026,359287.1016555268,72176.5897198118,287110.511935715,0.0,3860969.3570189667
13,15/11/2026,359287.1016555268,67180.86681213033,292106.23484339647,0.0,3568863.12217557
14,15/12/2026,359287.1016555268,62098.21832585521,297188.8833296716,0.0,3271674.238845899
15,15/01/2027,359287.1016555268,56927.131755918905,302359.9698996079,0.0,2969314.268946291
16,15/02/2027,359287.1016555268,51666.068279665706,307621.03337586106,0.0,2661693.23557043
17,15/03/2027,359287.1016555268,46313.4622989257,312973.6393566011,0.0,2348719.596213829
18,15/04/2027,359287.1016555268,40867.72097412081,318419.38068140595,0.0,2030300.2155324228
19,15/05/2027,359287.1016555268,35327.223750264326,323959.87790526246,0.0,1706340.3376271604
20,15/06/2027,359287.1016555268,29690.321874712732,329596.7797808141,0.0,1376743.5578463464
21,15/07/2027,359287.1016555268,23955.33790652654,335331.76374900027,0.0,1041411.7940973461
22,15/08/2027,359287.1016555268,18120.565217293908,341166.53643823287,0.0,700245.2576591133
23,15/09/2027,359287.1016555268,12184.267483268628,347102.83417225815,0.0,353142.4234868551
24,15/10/2027,359287.10165552644,6144.678168671308,353142.4234868551,0.0,0.0
