Periodo,Fecha,Cuota,Interés,Amortización,AbonoExtra,Saldo
1,,33595.70547494867,506.57703570244905,33089.12843924622,0.0,966910.8715607538
2,,33595.70547494867,489.8148431037181,33105.89063184495,0.0,933804.9809289088
3,,33595.70547494867,473.0441591631486,33122.661315785524,0.0,900682.3196131233
4,,33595.70547494867,456.2649795792218,33139.44049536945,0.0,867542.8791177538
5,,33595.70547494867,439.47730004823984,33156.22817490043,0.0,834386.6509428534
6,,33595.70547494867,422.68111626432477,33173.02435868434,0.0,801213.6265841691
7,,33595.70547494867,405.87642391941733,33189.82905102925,0.0,768023.7975331398
8,,33595.70547494867,389.0632187032759,33206.642256245395,0.0,734817.1552768945
9,,33595.70547494867,372.2414963034754,33223.463978645195,0.0,701593.6912982493
10,,33595.70547494867,355.41125240540623,33240.29422254326,0.0,668353.397075706
11,,33595.70547494867,338.57248269227307,33257.1329922564,0.0,635096.2640834496
12,,33595.70547494867,321.7251828450937,33273.98029210357,0.0,601822.283791346
13,,33595.70547494867,304.8693485426981,33290.83612640597,0.0,568531.44766494
14,,33595.70547494867,288.0049754617274,33307.70049948694,0.0,535223.747165453
15,,33595.70547494867,271.1320592766323,33324.573415672035,0.0,501899.173749781
16,,33595.70547494867,254.25059565967248,33341.454879289,0.0,468557.71887049195
17,,33595.70547494867,237.3605802809153,33358.34489466775,0.0,435199.3739758242
18,,33595.70547494867,220.46200880823457,33375.24346614043,0.0,401824.1305096838
19,,33595.70547494867,203.55487690730965,33392.150598041364,0.0,368431.97991164244
20,,33595.70547494867,186.63918024162408,33409.066294707045,0.0,335022.9136169354
21,,33595.70547494867,169.71491447246478,33425.9905604762,0.0,301596.92305645917
22,,33595.70547494867,152.78207525892068,33442.92339968975,0.0,268153.99965676945
23,,33595.70547494867,135.8406582578818,33459.86481669079,0.0,234694.13484007865
24,,33595.70547494867,118.89065912403791,33476.81481582463,0.0,201217.32002425403
25,,33595.70547494867,101.93207350987765,33493.77340143879,0.0,167723.54662281525
26,,33595.70547494867,84.96489706568725,33510.740577882985,0.0,134212.80604493228
27,,33595.70547494867,67.98912543954953,33527.71634950912,0.0,100685.08969542316
28,,33595.70547494867,51.00475427734266,33544.70072067133,0.0,67140.38897475183
29,,33595.70547494867,34.01177922273917,33561.69369572593,0.0,33578.695279025895
30,,33595.7054749431,17.010195917204758,33578.695279025895,0.0,0.0
